
Cas P=10

ap1 =  0.31256281407 
ap2 =  0.720603015075 
ap3 =  1.14522613065 
ap4 =  1.81105527638 
ap5 =  2.25921926282

Réseau uniforme:
A_0 =  100 
A_1 =  5.05098734362 
A_0 / A_1 =  19.7981093986

Réseau optimisé:
A_0 =  100 
A_1 =  1.2378020253 
A_0 / A_1 =  80.7883635317
